[[   694.4216445    1465.19175902   2172.3069373  ...,   1852.04285818
    3186.79073627   1829.10774369]
 [  1465.19175902   3973.49360177   4745.96701765 ...,   4846.35035653
    7935.63989139   5128.45896296]
 [  2172.3069373    4745.96701765  10580.97364716 ...,   6176.00353497
   12901.07140578   9389.93265368]
 ..., 
 [  1852.04285818   4846.35035653   6176.00353497 ...,   6395.97517425
   10346.63306902   7880.87014123]
 [  3186.79073627   7935.63989139  12901.07140578 ...,  10346.63306902
   19746.25985233  15634.46822326]
 [  1829.10774369   5128.45896296   9389.93265368 ...,   7880.87014123
   15634.46822326  18350.5052724 ]]